6.84;6.96;0;1
10.64;10.76;0;1
14.12;14.24;0;1
18.12;18.24;0;1
21.76;21.88;0;1
23.32;23.44;0;1
24.96;25.08;0;1
28.72;28.84;0;1
31.92;32.04;0;1
34.72;34.84;0;1
37.72;37.84;0;1
43.16;43.28;0;1
46;46.12;0;1
47.8;47.92;0;1
49.92;50.04;0;1
52.6;52.72;0;1
55.16;55.28;0;1
58.92;59.04;0;1
60.56;60.68;0;1
63.48;63.6;0;1
67.24;67.36;0;1
71.84;71.96;0;1
77.72;77.84;0;1
81.72;81.84;0;1
85.56;85.68;0;1
89.08;89.2;0;1
92.2;92.32;0;1
95.4;95.52;0;1
99.04;99.16;0;1
102.36;102.48;0;1
105.28;105.4;0;1
107.8;107.92;0;1
110.52;110.64;0;1
114.24;114.36;0;1
116.28;116.4;0;1
119.92;120.04;0;1
121.52;121.64;0;1
122.92;123.04;0;1
124.28;124.4;0;1
126.16;126.28;0;1
129;129.12;0;1
132.08;132.2;0;1
133.48;133.6;0;1
138.52;138.64;0;1
140.4;140.52;0;1
144.6;144.72;0;1
149.56;149.68;0;1
151.76;151.88;0;1
153.16;153.28;0;1
155.04;155.16;0;1
160.68;160.8;0;1
163.72;163.84;0;1
167.16;167.28;0;1
174.64;174.76;0;1
177;177.12;0;1
178.32;178.44;0;1
179.88;180;0;1
181.36;181.48;0;1
183.12;183.24;0;1
184.84;184.96;0;1
186.36;186.48;0;1
188.48;188.6;0;1
190.76;190.88;0;1
192.44;192.56;0;1
193.88;194;0;1
195.4;195.52;0;1
196.96;197.08;0;1
199.08;199.2;0;1
200.48;200.6;0;1
204;204.12;0;1
207.32;207.44;0;1
211.16;211.28;0;1
212.72;212.84;0;1
214;214.12;0;1
215.72;215.84;0;1
217.12;217.24;0;1
218.56;218.68;0;1
219.72;219.84;0;1
222.52;222.64;0;1
226.4;226.52;0;1
228.28;228.4;0;1
231.12;231.24;0;1
239.56;239.68;0;1
247.76;247.88;0;1
253.12;253.24;0;1
254.28;254.4;0;1
255.4;255.52;0;1
256.48;256.6;0;1
257.76;257.88;0;1
259.08;259.2;0;1
260.48;260.6;0;1
261.68;261.8;0;1
263;263.12;0;1
264.6;264.72;0;1
265.68;265.8;0;1
266.72;266.84;0;1
271.24;271.36;0;1
272.64;272.76;0;1
273.64;273.76;0;1
275.52;275.64;0;1
277.08;277.2;0;1
285.84;285.96;0;1
287.2;287.32;0;1
288.16;288.28;0;1
289.32;289.44;0;1
290.96;291.08;0;1
294.28;294.4;0;1
295.72;295.84;0;1
297.24;297.36;0;1
298.76;298.88;0;1
300.16;300.28;0;1
301.84;301.96;0;1
305.36;305.48;0;1
307.12;307.24;0;1
308.44;308.56;0;1
310;310.12;0;1
314.92;315.04;0;1
316.24;316.36;0;1
317.72;317.84;0;1
319.28;319.4;0;1
320.92;321.04;0;1
323.8;323.92;0;1
325.28;325.4;0;1
326.72;326.84;0;1
330.36;330.48;0;1
331.84;331.96;0;1
333.28;333.4;0;1
336.32;336.44;0;1
337.64;337.76;0;1
339.2;339.32;0;1
344.96;345.08;0;1
346.16;346.28;0;1
347.48;347.6;0;1
348.8;348.92;0;1
350.16;350.28;0;1
351.48;351.6;0;1
353.32;353.44;0;1
354.44;354.56;0;1
355.96;356.08;0;1
357.76;357.88;0;1
361.4;361.52;0;1
362.8;362.92;0;1
364.24;364.36;0;1
365.4;365.52;0;1
367.84;367.96;0;1
371.16;371.28;0;1
374.28;374.4;0;1
389.04;389.16;0;1
390.36;390.48;0;1
391.04;391.16;0;1
392.16;392.28;0;1
393.48;393.6;0;1
396.48;396.6;0;1
398.16;398.28;0;1
399.8;399.92;0;1
401.88;402;0;1
403.84;403.96;0;1
405.64;405.76;0;1
408.12;408.24;0;1
411.44;411.56;0;1
417.12;417.24;0;1
432.12;432.24;0;1
445.32;445.44;0;1
446.36;446.48;0;1
447.4;447.52;0;1
448.4;448.52;0;1
449.44;449.56;0;1
450.88;451;0;1
451.88;452;0;1
453.6;453.72;0;1
462;462.12;0;1
463.2;463.32;0;1
464.72;464.84;0;1
469.16;469.28;0;1
472.88;473;0;1
474.6;474.72;0;1
477.88;478;0;1
479.36;479.48;0;1
480.64;480.76;0;1
481.6;481.72;0;1
482.52;482.64;0;1
483.4;483.52;0;1
484.52;484.64;0;1
486.2;486.32;0;1
487.84;487.96;0;1
489.68;489.8;0;1
491.72;491.84;0;1
497.92;498.04;0;1
518.28;518.4;0;1
519.68;519.8;0;1
520.52;520.64;0;1
521.56;521.68;0;1
522.76;522.88;0;1
523.8;523.92;0;1
525.56;525.68;0;1
540.56;540.68;0;1
541.76;541.88;0;1
545.32;545.44;0;1
548.48;548.6;0;1
549.68;549.8;0;1
553.28;553.4;0;1
556.68;556.8;0;1
557.84;557.96;0;1
559;559.12;0;1
562.56;562.68;0;1
563.8;563.92;0;1
572.4;572.52;0;1
573.6;573.72;0;1
576.08;576.2;0;1
577.04;577.16;0;1
578.48;578.6;0;1
582.72;582.84;0;1
583.76;583.88;0;1
584.88;585;0;1
588.92;589.04;0;1
591.16;591.28;0;1
592.36;592.48;0;1
593.48;593.6;0;1
594.4;594.52;0;1
598.48;598.6;0;1
599.96;600.08;0;1
601.12;601.24;0;1
602.28;602.4;0;1
603.24;603.36;0;1
604.64;604.76;0;1
606.04;606.16;0;1
607.52;607.64;0;1
609.08;609.2;0;1
610.48;610.6;0;1
611.92;612.04;0;1
613.24;613.36;0;1
618.96;619.08;0;1
620.12;620.24;0;1
621.92;622.04;0;1
624.6;624.72;0;1
627.36;627.48;0;1
630.32;630.44;0;1
633.8;633.92;0;1
637;637.12;0;1
638.76;638.88;0;1
640.44;640.56;0;1
642.24;642.36;0;1
643.96;644.08;0;1
645.72;645.84;0;1
648.64;648.76;0;1
651.12;651.24;0;1
652.68;652.8;0;1
654.4;654.52;0;1
656.12;656.24;0;1
657.36;657.48;0;1
658.68;658.8;0;1
664.4;664.52;0;1
665.48;665.6;0;1
666.52;666.64;0;1
667.52;667.64;0;1
670.36;670.48;0;1
671.72;671.84;0;1
672.92;673.04;0;1
674.6;674.72;0;1
676.72;676.84;0;1
679;679.12;0;1
680.36;680.48;0;1
683.2;683.32;0;1
685.92;686.04;0;1
687.72;687.84;0;1
691.44;691.56;0;1
692.84;692.96;0;1
696.28;696.4;0;1
697.6;697.72;0;1
700.84;700.96;0;1
702.32;702.44;0;1
704.72;704.84;0;1
708.32;708.44;0;1
709.8;709.92;0;1
712.36;712.48;0;1
718;718.12;0;1
719.2;719.32;0;1
720.44;720.56;0;1
721.44;721.56;0;1
724.6;724.72;0;1
725.84;725.96;0;1
728.36;728.48;0;1
732.08;732.2;0;1
733.52;733.64;0;1
736.2;736.32;0;1
737.68;737.8;0;1
739;739.12;0;1
739.96;740.08;0;1
743.28;743.4;0;1
744.44;744.56;0;1
746.8;746.92;0;1
747.96;748.08;0;1
752.36;752.48;0;1
753.04;753.16;0;1
754.36;754.48;0;1
755.4;755.52;0;1
764.08;764.2;0;1
765.56;765.68;0;1
770.56;770.68;0;1
771.92;772.04;0;1
773.32;773.44;0;1
774.2;774.32;0;1
775.24;775.36;0;1
777.56;777.68;0;1
779.28;779.4;0;1
780.56;780.68;0;1
781.92;782.04;0;1
783.88;784;0;1
787.04;787.16;0;1
789.52;789.64;0;1
790.92;791.04;0;1
791.92;792.04;0;1
793.32;793.44;0;1
794.72;794.84;0;1
795.84;795.96;0;1
797.08;797.2;0;1
798.2;798.32;0;1
799.28;799.4;0;1
802.24;802.36;0;1
805.44;805.56;0;1
808.68;808.8;0;1
810.08;810.2;0;1
811.52;811.64;0;1
813.24;813.36;0;1
814.88;815;0;1
816.96;817.08;0;1
818.72;818.84;0;1
822.76;822.88;0;1
828.44;828.56;0;1
830.12;830.24;0;1
831.36;831.48;0;1
832.52;832.64;0;1
833.72;833.84;0;1
834.88;835;0;1
